<?xml version="1.0"?>
<opencv_storage>
<calibrationDate>"2019-12-04 18:57:31.655291"</calibrationDate>
<calibrationScore>2.0570187387826309e+00</calibrationScore>
<numberOfSamples>24</numberOfSamples>
<resolution type_id="opencv-matrix">
  <rows>2</rows>
  <cols>1</cols>
  <dt>d</dt>
  <data>
    1024. 1280.</data></resolution>
<framesCount>24</framesCount>
<cameraMatrix type_id="opencv-matrix">
  <rows>3</rows>
  <cols>3</cols>
  <dt>d</dt>
  <data>
    5.5350060969126378e+02 0. 5.9756458135232413e+02 0.
    5.5549948049405964e+02 5.1437876447361316e+02 0. 0. 1.</data></cameraMatrix>
<dist_coeffs type_id="opencv-matrix">
  <rows>1</rows>
  <cols>5</cols>
  <dt>d</dt>
  <data>
    -4.3409450770587016e-01 1.7414468188845650e-01
    1.5320014775646960e-03 -1.4608471143676474e-04
    -2.8006396941738121e-02</data></dist_coeffs>
</opencv_storage>
